755781461735772165
245603256
1369360218317090822
404400261
416105754
22663158
3314756795
934725409140367360
1492995261026738177
721089499481169921
798556
1382554141
56604949
871858796179673089
827233320991809540
929525924
1396760763776344067
1244992614555844608
231568712
93637400
7771842
992304149130706949
76587909
1595692699
375848558
16287595
492643782
748888983636045824
720038821
801344090646396928
1288437786
1020278249019117568
783766335381762049
199838750
40300753
3160620127
1921899259
873961214832934913
20529914
2345774226
7731452
27893188
3798780858
646663
1152461953
3091712693
24724740
34760138
211910821
176166625
790476923923271680
1855167860
762606919
206240244
1536780305767473156
18284099
90520147
2399428399
17402492
174773888
40528206
14769239
96081882
154016912
44709123
2191771714
568583999
3082910212
2462635448
980662730544775173
1353648295403352066
750654751298162688
89511627
124949401
940185497602854912
1139720341109051392
19551341
205077445
711938529631346688
3375954244
594015697
3318090466
1235431202
15094677
50609699
4053732263
620245096
15309804
182414162
1501201
3055538223
93637400
1951049810
17161988
395576999
28562363
1591047338
2442779264
2885736110
1137142294895874048
977253630528061440
476100749
2543591551
758792270430646272
77027493
25220410
32223848
26575491
1096304941948379136
1074640681526800386
629909505
103060909
101837330
1168183201136873472
23728233
953744821700702208
1289693848315351043
194633747
4900024972
39816018
1154678805212139520
13972932
28627806
976069167295197184
1057021724909129728
113889881
15720670
284213703
76623591
1028316341139394561
979522107179786246
1710669524
15805579
46347027
3131663476
2453750295
142824012
897540684659535874
1684002608
198589898
754170128531456000
1289547105388900353
107454950
4235719700
23865342
17711847
822229381292716032
1962944840
404189472
265076616
14973204
1401270151836844034
14537497
291369156
2783877014
4900024972
1172494506
119032504
3309089598
2479273629
185917496
907955579821334528
1431576366
1245753383262224386
42665626
552216467
23556252
1132055796571877376
15058990
18610971
840043015
588271226
34844784
822519986698612737
53761131
1347441
203822998
1158052249400201217
376502550
297417610
563483271
16682714
23760311
32217587
242312389
37463952
21591983
397865713
840129839730372608
16438147
71424847
1516326291448156165
27669787
257029843
3145483788
1354051120075829250
47286946
11818292
1003838758221991936
1326602079071137793
952711931659542528
521081405
439558190
8077072
1447826125
116197291
3294626002
3319529016
1195674578
865802206439653378
726272343677362176
27189600
302022259
22131249
242312389
7416632
160783767
18684717
3090936696
92240573
1107918733564149760
1046795489608437760
3206199231
92086341
810474
262727180
47414032
842261051563417600
563054119
1266631755517353984
955999783
717355482168426496
258347574
2154865252
393287818
34520881
2971333659
742400383016804352
919960304
17008781
889843393064521734
910395667100651521
475034994
129027456
1316625529
48375030
10816122
872633420131704832
465085940
1215745409429032960
264552479
288956043
4831550918
4166434989
42820326
883297701525368832
11579272
255159584
968887219376312320
2844334037
3308688376
14079749
882876927790526464
5992502
304837258
1526073139817488385
33327945
2505410096
18906990
1353035950222413827
1055392323989848064
3276730801
16438079
397285625
62763756
1255733617436717057
303651044
873140328005500929
180196484
15790927
54594048
193408556
18888365
1649558144731738114
1053941244660011008
50339949
1387457585327050753
25150711
21144647
40606707
1416438289914114053
864381699022565376
45380451
1525446732
16028622
20041139
964095584
14089054
1329489564168302592
2801811347
253110612
140951152
1374435454343254017
1098982893148430338
1662773784
2731019447
1109186929084563456
547588707
4637641395
12623552
137589397
364905187
2804130829
9236562
2390686466
1092558453359476737
1035992931486900225
828361667918569472
2792042478
1077767359463444481
306969311
35827777
770899970
14045642
1281268006019051521
484871602
22299050
26315719
1249551
4900024972
30042507
44919557
1578010138925047812
1272510396
2013741
16214215
22763842
353012376
2390924198
1285830244885245953
28285883
20431901
2788986840
1220471516091031552
2228378938
22337815
3288088971
222412674
1304479212716294147
19918613
1463545788
304111734
231494618
2930216239
1453643676
14591652
1336426513609203715
15700171
27615398
116926079
294085726
2181300102
16129360
91451861
36995233
157825257
800658043
1113847593228959744
43510770
4515122354
2273680110
14868654
987565609595625472
1017512405998424064
948212586201235456
897514144362106880
15516583
14998048
1374799134
235114809
306252199
1035992931486900225
61766326
1021411232736268289
941739083767750656
159729328
18100031
19065022
2632895741
169627203
842020885372502016
471767827
245852835
10139742
16591040
25323357
1005162711821451264
1335570149634555906
5325762
889905907097899008
1357284644
1338963149358321670
2535610228
3182667863
13680852
290063599
494141946
38157550
872717154688184320
2837495417
78013278
742112345632047104
884906584601751554
1436180248698236930
268192461
1454577649
17698956
66447229
1297923804702871554
21364868
1838752303
1555799114
1129315015
1189719962203676679
3450667815
885391688000196608
1355992670771032066
3898454296
35103065
864444476982521857
33860100
2831881880
1145893100
38908196
606943
1594877492
45516390
32751570
18087166
18155543
357126037
39469351
14188527
1612509048544321544
488067802
19442947
8497292
852956100525572096
172058830
14807154
5402662
1101835425075863560
42494948
4447304663
703672177
1028996414226001920
3130790128
36663252
3529991
547289558
846787757963825152
18839937
243241062
5567942
4343162123
1331824344453017601
2614121930
1509809333248348162
1546525960056496128
778061293072764928
1239036998154944512
138813955
25247831
103087059
16476636
135241503
757565218377519105
1121580437053292545
939781839996284928
395400970
902724918491701248
1202437152660963329
1174876642386182144
4409226639
2182707117
86844319
14843435
15901958
873140328005500929
2243375945
92284532
399943824
549738160
604671065
43556252
429385152
856818224
36995233
942490746388729856
1106120948934209536
794487343
74977676
894780918
18374573
18344104
2945521478
974193205
861335221
29373361
283614578
443713931
382964013
1089150138
138313744
214713295
115675512
1436228852095795204
806639016183562241
204645683
892418487930564608
1309271240562151425
45454991
24526387
2961910996
1184768473
1020632626795859968
1329710077645713414
14294442
227620673
84970989
607843
65125461
14789630
950586151810818048
1002910794139471872
9893782
23966458
2919478079
17079605
714755392203530242
20450031
715114029
551910540
486223414
177993199
14787085
485938296
167418214
20052487
17756464
22662058
33632381
917227850
1304285011353513984
212015170
14341025
47760929
1639283912
2550641869
1414134156347445248
2370193578
81925366
389033975
826258196
84395186
2334732225
1040392333194350592
194389527
1441460163295186945
39894323
220599386
137149503
1164366583797444608
1510331503254904835
237689486
3534713055
10816122
14831274
1252226783539322882
333650305
77331210
81131887
338747104
25605494
18683713
108189187
2909775886
19563525
1178067890727030784
3120376649
2544134976
34787179
1291446490221563905
1019458934934040576
403908362
2564598594
881829716
28992857
1360381397089718273
1207107261312708608
41070258
298762125
7269982
794688615670423552
17138209
527495461
223934260
713078336780693504
534729859
1708781071
1035992931486900225
20841332
144832173
38254569
231328483
17216848
732227403808931843
236760253
900082199898320900
971137561749000192
1242127611372978186
418583301
239306445
1233422286666862592
1542656052189085696
893969472020783104
26563129
888017295867596800
1024209454038958080
717348231034839040
3273576672
2414994248
52780811
1924955040
950708953142497280
61172258
255617540
111006128
475197190
1485327744
41378267
19727602
2435509679
20481029
3888323836
1416438289914114053
2285260262
3334870503
119515161
1011331705586835458
64017773
978670331476037632
2307648800
1198380328580243462
1122144935753519104
137327982
512653687
22870427
852585860
485938296
102739472
1359164558062010373
818076010356834304
3130790128
1268592266739843075
456588718
1581522368
10816122
1019836922
992580589076336640
357145865
257476940
29219101
1579528959519227908
883297701525368832
130197171
39771590
1125761951705866240
19409278
163038535
838319503117336576
194633747
27046692
1150001168388632576
872444025403580417
1575907856
1002038534
1407660234382925827
14579511
1040622067261956096
912666377730842625
361930017
18520756
5062341
233922416
25088592
15694466
50772968
213288002
676793
6967252
2842676464
146052064
15160493
200757425
985862132410535937
21349493
18526468
72142741
572878189
1081643178225221633
743624887881740289
222412674
866777355569725440
1075506272
2694428803
410763318
281792021
37643766
2241035238
25708013
822204322796609536
3429803267
262797432
704325850217447425
93955458
125454024
14834076
718120517698396161
1101542085642072064
3125261559
104187533
622869006
1262771968224432130
309656371
1003838758221991936
83668057
18087166
269568454
177513537
1221325645
34044388
1859194130
858963995193225216
757957787242598400
20709254
2433063828
17041374
22199352
388264860
309173811
975879975013376001
4492456353
15023079
14249046
276575523
1257349644822159362
752612583199346688
838823545413242881
1649177645614084096
2580789216
15656860
15578518
15759423
708999789795536896
937232849958244352
1288086915435114496
57230139
14508737
29883196
722858760486518789
4865361977
875454819527294977
850271746464768000
2442035827
3331619703
24513419
4776508353
22214241
15122314
607602141
2783877014
144369837
854733666
424506994
2600956787
1376733303219363840
299014098
19211612
2974877385
117876714
16106256
840129839730372608
51271746
945493520143527937
2178222514
17007351
13022562
113031012
87524990
792088192358817792
18229576
2591526703
18757225
979639052
1513292318043881477
205251093
2512960868
921297792
23272524
23389620
386814685
15636128
669453
2991508875
1009264621
2543591551
823637977
22901255
2490057350
946448802373914624
589372520
1406097074
18147587
745372892
85789543
942723743872204807
34719927
2170949209
4492456353
797247330
59079011
2288665986
2020351
513053018
18129652
499629913
952079096548245504
110159113
113480103
3342920495
139920911
771068930
70989204
2909691652
3271912376
86844319
811622556029583360
2439975073
1485444744066990080
815308128
22760585
34378186
2351825641
569390468
979166942
541811858
1080473221927972864
170635236
977085307945304064
2937632239
1021411232736268289
19025563
499586480
25230829
936363551228399617
2261261
44562973
14307108
4183647317
1457746066959474696
17757642
1460235741204606981
178188345
14046624
1640917298
703220160
4922450361
1007910588
1185995674892025856
132016988
1095700324336185345
231149249
3189978110
3096955165
304111734
2895828953
167044649
1282747447534514176
71790389
3991184727
1333217966998106112
15228025
786190873285365760
742400383016804352
29395988
1868300024
742663751934062592
2227711330
26028448
54294584
1482167560137330696
830079602429157376
2645648308
20113613
105939814
627580629
3381132963
303651228
3116069521
1245828097
1355203866
169216482
889869211274809345
464422018
6168252
1119941097042653184
1597823041253285888
2427366498
3800078354
389067673
41478072
14499468
57527830
150977406
15741261
17274632
118191148
93974340
298615010
20056301
171184693
3160237952
3092691873
2347325437
3081168346
51482307
789394840966397956
2781188264
19974951
1126291203786465281
820365104441131008
13965762
29503208
1025739743831588865
14445650
1514669059
153006747
1325245327465701385
461032883
3264081
17229428
2433343231
2407477208
1492348924702699521
14102433
15990809
1021411232736268289
2410119463
1427905690836873218
1048703967402897408
20065105
1066024613367300096
47967486
1494297116990222339
9919692
1075271070
629877726
95694969
48256043
1238481304620056583
3975033674
24139516
1549053890
595085706
19456370
846025344612216833
517259596
40311257
17490918
14189586
17006157
1485327744
53678002
3319346609
4071001
419911021
22404845
934725409140367360
14249046
452200522
1421172834
3091712693
1934105078
123897192
49771314
787823022652657664
1068661385784115201
23852685
15604914
19356814
13192582
3099830183
832057452644409345
13638052
27182288
545539084
400897705
564896361
1062831254
67009737
889251990282407936
84347917
46444336
949462699
1194931
22599438
1539712033
1032373178734194688
256938691
1126796279865073664
1434781
585312148
1443468486089613314
21874196
1081702657
339398952
566363006
16830767
125207311
734753886687354880
1533792826454159361
450156034
1058774359656009733
15112244
604671065
2561646269
2585555947
1120536863507456000
48550676
1488673679370166273
849743740751069184
2646722849
1224789206
807511327
1274059096149200896
300548556
5812292
17641220
15099133
4506903076
11178672
770764075206860801
122250044
39978267
26914630
559402482
34019920
91438333
817798591
1573559891897323522
344395626
305595540
864701899542601729
2381875080
93293716
423341085
917691656
801161988
19547259
939235436962242561
2287579440
294754068
4440085065
16346808
1353648295403352066
155775375
168554331
18486446
6753702
908757115518496768
750435417267339264
437627160
597739550
1141282552453435392
260011059
22961751
2962969029
921269468
379985854
267176064
26932025
1320358768748744707
188355421
31740060
1009631790
232285407
41375302
19582633
112610515
550670578
74791551
3247683826
10528692
187784226
2356641930
1049307665099317254
2969276025
18045133
2440086069
1255472702
389277484
198013905
324760888
3352925529
1403959430
390677568
468465859
941435984620802048
2762585518
18919594
161505969
15386732
15039708
1107682460500926464
359590432
410080913
709411255237259264
124283023
14691687
21495286
462216266
1564610015284998152
743470101299630080
166206084
734510744386064385
24749234
2409312542
1311215854806118400
6434092
15651441
2334136858
902884669
14413053
36652279
2966060626
916699955066232833
487942988
1117985696382373888
1098702323432468481
71123227
1113077368137093120
1177302223
439853980
1274871569790140416
1216545878
15829572
521590188
151116641
153471531
1573721639061262339
127990793
6390182
303962693
487712804
997939158
34274375
35771414
119521848
47131160
543882769
1003494312
22411996
14601208
25985824
1139601010702409735
80593827
1214861312
16058462
3015379612
11661402
2284111344
1181895775699312640
17555799
711954932
1027050468973920258
3062501138
715056989819285504
86844319
21885721
269546613
80028869
1002692142232489985
64040171
4162410142
15709520
48697716
16922291
18757225
20590724
2853624967
1323056155623653378
1272627633503776769
462332586
21230785
265060730
798541133315997696
107198957
783132337
1580965252711292930
1480327653911502851
735248163259453441
91384012
808164448821268484
3031358499
14089054
1367676566667489281
570590827
3050922593
31977020
1460219073703419908
17487721
1308335923369775104
201770712
604671065
1067426992469864448
20739133
48322324
25292347
48075372
583911577
146541253
1320358768748744707
2439975073
2298628098
3382793453
181404555
525548420
17274632
48930300
16227629
1543593170155479040
279100126
236400612
141621649
1488671624886996993
40731687
14299391
126675363
787406794452791296
2578457749
978514549308624897
452462466
2814862881
3327144565
90956656
1098770059315548161
2612203536
1288845614592274436
485938296
1055792577553858561
990173622
102771070
326802223
28971254
20470102
38625476
40755425
111404198
231010484
3597988036
17278886
17756464
223286095
79192038
1441460163295186945
2683754853
2542291248
460749997
826091840650801152
614259648
1203328885
1519345954964578305
14963191
1448413565535281154
888875928050446337
909467512328343553
272719012
49508220
1729664714
22994700
23714212
204740685
47061490
15753567
337290712
50122046
44333
24588843
2826749917
563492271
242582424
368673071
11435642
1313376662
2400940130
1672954824
182559656
311037205
452737795
18869240
710947219
580000094
19569815
83879634
2321268630
1577671247311388673
3613345217
21473265
6412182
23097659
1183022349316186112
1581522368
824214
837787658
2750279310
981435186
28669792
1092202339136688129
15898059
98077466
212804285
22995545
79438625
227620673
31035336
960296587334488069
3012620720
381430499
518233284
364329661
31503949
762728747229253632
856391555040636928
2180333826
233757665
194605722
2950806669
747746254017404928
1228039477
20245054
347413069
673203
587564506
1192052760
41095711
722494147
30601538
213160578
384926085
1317793943782887424
16077486
43154631
414121384
233922416
2906999297
703103155
2792592288
1292593081154506753
1689506588
815568624819826688
21091703
19902151
203822998
931254476
368978295
1972643916
15324903
118776845
466768183
263212533
22215485
1082266983540932609
17556933
958941858
327155658
15624305
487072035
1270191
2692922798
13464452
43081640
3829151
130557513
2380467042
42977249
1617755652
892418487930564608
14286292
4890185962
1266719127315591168
1246151975076540422
894780918
26964222
87532454
427789645
779299908515926017
77331210
17417177
2832174766
3219416676
305566035
26330733
54179381
1660683769
1051494477548924929
2269775014
136072898
1673839970
433665697
2474548579
777401281
15467229
184823092
343931378
1116076572321177600
9901482
509139009
15682552
1001346252
45366110
36495793
3537641596
48697716
866499991
213036620
1195543730561912833
21821316
312402635
74048208
44408843
24995364
3646865292
183046059
3018207071
3800078354
22030119
1222958959
2968106641
32170223
450682681
14508737
52369416
1048909519487565825
1507057620082835456
1092403549038891009
1445153518042689541
21286807
1289623993901867009
14206489
1269411020
874691660
4779712410
2311352719
781408851966951424
131277482
589358780
2180750994
14200732
27260996
17999593
139211481
14221144
828160430
633474897
18934861
48400074
154440232
794336313965236224
779732756662198272
619607966
110472609
1611627979
27178198
798719004902916096
470240607
1254009556771971074
304822355
15411800
307580868
921903964962066432
3061659548
964590646391586816
15036362
4035141
57094856
322721622
15276573
17511685
24955599
11393142
2882979183
1577671153195294722
758404406
331298142
771464266759098368
484391950
725678147614720002
213643284
3051824118
918512894958096385
110500280
17106771
624822306
192418473
54854015
887387253273751552
2613991572
16438079
186049117
860417430614626304
1223457881619517442
560827698
11392632
169137527
3315834725
4207731253
1173296541722914823
723584367340195842
15457991
98129007
3345405629
15233145
150590236
53211877
20514315
15882323
2161087468
45931428
1200487274
980004537879744513
722632237
2842688458
1109579347717832705
1107398002828853253
10050812
864863922
6524592
15111143
81634303
742400383016804352
260464853
1021182045475651584
136465665
1078674729698029568
826946666
2447764274
961755354
1113213523490889729
23610464
260936838
18273674
2396976918
705687017
3470290156
746014550793691136
18015213
211619467
222959095
408567211
2245407943
1151653790
194633747
49987859
14311950
1173184043858444288
1126817994892611584
854770880190312448
2435509679
1332002770082213888
855153350672822272
1386024893305720834
107943025
2442779264
806639016183562241
16063762
1430907705284169736
16365326
2792145416
117773644
824652962316374016
94640719
6073502
5658112
3313772350
150218183
863187679030136833
324171886
707701594687672320
23542165
1187399544755101696
1270173486699470848
8890312
1426918177552928774
740545327544074240
954621384356851712
2979812014
576583364
194041684
1125523171380043777
1347550892208381956
41561938
2390924198
799334329440698368
1368425317
2902866545
5657832
20664174
272163152
1294585342364913664
27505510
7138532
22111358
905829145166266368
2536485860
15835427
378322892
30345103
20266894
21707139
92644495
1006784960
1053630556305571840
369689042
2985990237
1573559891897323522
838855567896637441
28550378
294500046
712746481
16211782
374592540
56025719
306677797
17565633
730368078232616960
1201657087
15640033
382404191
669973
404732095
1971089023
301583686
1163813655458254848
211687612
18816862
58291700
1424113803529232391
867995221
388304943
32817728
246765654
205329093
845261036
58450704
1885997299
385689121
2992552451
1105591960327389185
2893472031
4914473247
14080058
21386144
883094349348818953
213867085
1083309017420705792
760544
1351902135756206081
6956742
1391962748909625348
38551952
31360264
322920168
18107749
1024669580772474880
2191737267
1163517332234412033
863750363580702720
522106646
2577660157
4233731116
70678356
4794418649
7305532
122066148
21921696
1568011460940267520
26567591
312199730
35820849
1224490371180376064
23666720
897108258158194694
1035685130596057088
19736081
91628714
157461620
1108386998115536901
1580965252711292930
25289271
38013257
256612503
1267874982576742400
87570708
182657291
132172939
18721044
1125675373402972160
15806377
31968529
984166195963318273
2413446290
418863571
156732976
3099032811
2450651006
1611862104981504001
34613879
2582943033
59349979
14086502
17754011
22803269
422798994
1420836405018861573
4164614415
866096514
456418900
2853624967
150785864
389005082
1296181160704262144
830454399516422144
516073560
1297575021578256388
19721585
626726096
4356327195
3015605080
2352819152
179748487
1577664713663602690
379734586
1037782356550144000
582413884
71424847
3005256011
3091926934
14473180
14342741
1112211
188421606
1217335032
1604908908
525436671
1102134330
379501471
1569444770036215809
114388311
3247683826
109325729
810828164662444032
323869383
255537293
1036502895150202880
54688917
1256103362287865856
1026201522965831682
59119716
9377032
755538576
1016718119333744641
136002754
23240958
2844334037
279323718
1550461
15457991
365076659
52851172
264180341
153529610
3244095819
5664232
5502082
928256733834772480
2352819152
1658365404
6273062
902011866091855873
4136984380
49201794
355697417
293213626
1268508296
1547633360
1200487274
430164437
123946348
1273935361689993218
2931226371
838815360
59492168
39659684
2948005254
15899765
18757892
372373045
2778906564
613534842
44681539
2914615372
39753935
1139111245
701287458881851394
259625864
133860724
3188873096
853762936636145664
836145590
25707972
51721835
153942255
3398859082
66025772
746483203716714500
16378486
2603526122
15305042
1119545881
3001823205
1001486677
8075962
4409226639
95145479
1320358768748744707
443016500
4908940533
18918414
139211481
3335521205
240531465
369848802
816375077759426561
217712510
1207148702877540354
1065005087054024706
37799209
32696291
1000650818
184513694
432047983
14626496
20675211
17649770
24906585
2813495941
3401595177
1273227425825067011
31085022
57362322
9172642
848791711945859076
47361249
3382793453
343443531
1375459489168646145
1160994179914305537
7950832
1666022622
18549783
1162013355202220040
1384030603
1105591960327389185
1217839435972108290
72248066
151612344
125952318
14089460
117277419
1568379984
932932843768033280
3039726111
2154965547
176097589
412112702
17251889
1496800400183341058
1384873880
14744929
16211710
14501300
151940154
9870782
2410956847
1383358298
21664633
17189944
50646511
429514861
360450538
7268482
907621430912847873
828160430
428461668
15770226
101313407
236447437
1406026385777254401
2784811026
231804380
2906999297
4136984380
52764209
15475207
819141794
2327975239
8731732
965525129630449664
25656466
845261036
72434354
1346698538164637696
505018227
211551385
861268488614289408
87095316
578878032
822667790628880384
1125487524355366912
1147825458093920256
20431901
821870225112993792
2800172444
2369622854
18273728
1366066609
8381832
1264588014837252096
967108405075828736
2968541
824654495221157889
14392125
3015379612
385599330
19211612
20000840
4914473247
15589945
56722075
340203141
2866005550
14508737
34126745
44681539
919629710321168384
3212251
785981372
983450716554510336
16365326
4843504949
109177399
1025514818189619201
229509740
1563068372
4400681
94735096
589334534
136307950
344676077
62829960
245991073
9893782
2980804961
3239853627
792159796422021120
635067098
17350129
1524609353373949952
1218890576
47200272
1433781701885431816
14388146
790562675419914241
923228200104333312
342315487
336278724
1877714197
3247683826
1506814606764875781
5753742
1329710077645713414
16542374
1165371915797745664
1301494272399732738
34126745
449217845
826540638812434432
885423521098235904
244157742
735348997
22054220
584234331
3223407511
252643801
4899267641
766573
1506814606764875781
1259205382871887873
3371132765
52682311
45553060
1174773239182241793
33422925
877755836
711612306
798799449350750209
53245543
90696568
1128465664048496651
24658565
3239189357
266155734
210515865
18486446
461636991
1908798247
35331370
925484880028471296
16018986
138256337
1160200781401923586
1091722256600965128
15640456
345355610
504483890
35852012
873534689050599424
17700609
817465771341348865
810682882423406592
135907285
20059560
797395979632775168
1513468660093964290
516073560
1174430004488409096
4062545597
23153246
180672623
11885742
547785545
387722802
35937137
24663251
25046756
957063229846511616
31586980
11023592
19162207
1245018796215148545
873961214832934913
1534470024102019072
33612838
237226427
1231727185125355523
705037347574956032
1630709755
388410400
251555590
1628538375354580992
1298368247348301825
14071129
16257715
968969227
1172140563774300160
2247168358
132938788
917424997026746369
16569971
376881086
939140402929590272
603926000
3297000296
120655172
16806033
1625889640333942786
1031612276
1329710077645713414
65121295
1127188676507832321
1350879505
783132337
1377881101876744194
125772351
113889881
15150630
1546330606887469056
420227431
64017773
825833479682265088
1000930226082283520
56812711
1145649055705513985
1159888294181650433
22022968
14858316
69684205
1878821856
1308531
498789296
1161196208
110932712
793174397079003136
952041471888318464
138620865
8705472
252786025
19325629
292892708
79927387
3626848755
2762051408
276966672
502120761
1226635894162984960
144260846
15160493
14295657
410232675
14079852
1128325532
2269399604
1893074641
803061715
21812710
732579850482003968
16162201
16076125
23262377
25412283
1154586603538378752
136926174
2599147129
937036771832995840
553948069
274987245
15770226
4900024972
868027066079490048
1486590966
139211481
123338233
927250141609938945
891363752662245380
50182356
9875912
1496063980497944577
111629442
325220408
254864283
473907952
198176080
194605722
248212617
7632132
33315010
713065809627766784
824810695971713024
222064690
3901761975
48512999
16623719
1528461222433243139
2332295143
307103766
833233416871092224
100247169
1113040282793230336
1321473319628115968
14889683
3286843880
2446534256
20751652
49201794
3421341125
231678736
3929904685
877941874417319937
10915042
411924729
2635340744
1202586468482527232
2696183671
1006368878396674048
1292884488440119299
1226049730272251905
124873556
49918728
17641220
1041700886911705088
1130701584889987073
26043704
903313553200779264
142824131
32078497
44681539
115335396
461745594
450802131
599398156
775025470089801728
1228039477
65774480
27906087
377766775
1280790091028295680
1709921
728385463317368834
809218459783438340
235271729
8344442
1820293999
20530177
288273394
317472743
1499194363305472002
1037782356550144000
1254420180
1150779590
18124790
778219513
25801558
34460798
561297215
411077779
49429732
901415040372412418
15421002
15617140
742443
56687115
449818373
34273690
1261259066673856514
2697713994
22681612
757840537
47948683
7771842
3293195343
2948568513
2477854855
851851
4540822574
1021411232736268289
2227286222
27670101
40503000
130197171
457872891
145464125
2575245955
4854868229
164651486
81484331
382848199
1292671219
2764922575
203822998
94529866
12876302
2885736110
145398897
1415016463
21591983
1401995231776710658
14200380
395848183
946380777910042624
17760789
521671084
3149750051
896008526765723652
861550551305244672
4112615776
26013478
3377827989
398620004
628043
1057353108999847938
142320786
2826382009
47402953
213576970
14626496
33787309
146160591
146476339
628043
53761131
1312588450122493952
515706610
2436668288
1052303620669145099
2480336450
14234902
1488987728008077312
23091006
174672235
40807200
1617037732366192640
109944769
43081640
1359950281321177089
1409789760671948804
503286068
1184179300372754433
1006195230
825659849920958464
14779408
160574948
1135564111050432512
251495359
82859989
1342239448092864517
106931785
4020456561
18950712
4894794399
791733534
292052466
18225633
512044942
362239167
165049268
1378081767417069573
71976300
741299457959047168
190885140
546964935
384684484
68926378
36229061
2187279119
1208310567896784896
61479648
941444380036083713
105895323
67248681
48071385
1022555959531634688
1070119317256265728
282540261
584234331
59921048
2834053658
2601723926
486987810
279100126
255753025
1336767882122948609
28236937
304616288
14342072
1206557256
889184924971843584
2334531259
43448484
48735540
1095525979
12165362
3044066390
17775728
4838949621
19547259
33076481
132237523
730842031
207513898
518233284
46557945
1644627431930691584
1179704993198141440
254458144
2358411139
473526370
1967452237
596207368
881064092068233217
107142733
75117670
3377465031
824380220367060992
77271015
203796971
47618483
52772800
2089931
1001363060567797760
1392487891222335493
4187472616
1072180100211376128
353932532
19424686
1614784298120265728
24510911
1236373168773828608
4033550314
46001397
1398558378
905701682029453312
15951469
349324611
3323440934
293454247
41256777
234325680
20645106
47778714
1061142931732611072
74926866
110334410
3924085823
3097134196
58629970
2208302516
83564689
28727860
16971227
90454784
2347325437
1037317008117981190
17698386
1129406514
3321917207
1511945180
2399123821
16469647
1428722866468519938
16129722
2981257917
1035992931486900225
3212251
35746950
56879744
1202638729950760962
37932056
14613631
796102596167659520
227283047
281936605
874534344
26375939
368673071
1202781437008568321
3396453971
283614578
2309231172
28295539
548384458
505758210
36229061
56228506
858696079
1568152333
259610413
14079852
1014073073383944195
19750159
952944157957509124
22064234
1207238943252635649
19560848
124638197
16378486
270938193
1403659916
764096119613886465
6352662
240148973
490991627
2961910996
545539084
977847235995226112
20679054
709333678925750273
871424508447666176
2649151488
841764387161550848
2448056301
16485116
592862195
22487278
953796505
704398993925791745
80028869
14126481
393715210
234117078
20288642
91586266
352536368
843684090737963008
3811169537
790476923923271680
1570165980826853381
1032272733764284416
924678355106004992
449027230
7014112
304437803
22760030
323817329
19618471
195764080
121626180
48256043
46171327
6763102
16935873
753934206
542519024
1492195662447874048
6244152
194872630
4136984380
1608193974170443776
15888732
80897940
205838503
633660360
1376733303219363840
262441039
445828814
1125146206882148352
897917800865345536
2961439782
1659786078
111172593
18360602
963020290488963073
23188509
5877292
707797150957248512
1938941725
14335577
2555018701
11720652
740540318437756928
578878032
959520245944856576
312516210
61440994
968386929866739718
279100126
25377795
16240799
346544605
12773
1086811228847202305
5885472
52780811
20674659
1189471054831521792
22996383
907553886797488133
83161482
123338233
115738608
1488822382198407169
100444383
897773540681945088
367024779
18527613
28862856
3124961
3309089598
1380418350
548575737
16234562
1594848700630798337
221928593
174658071
12236332
824631451199082497
1139168652211740672
1604222401
191146493
34967636
73232869
3004269184
120120843
10166632
50064469
488203758
17917257
1495495879809290240
393413410
2533616592
1039527974360547328
714755392203530242
1385355727657635840
15614141
2382030958
10727552
1067580330
170569652
388410400
416837954
1014224418
2563408783
153775999
18625105
17813624
65317936
231328483
354213586
366662991
7687322
269815311
222916594
1507902272017207301
20352048
3811169537
2734280174
2331000265
1480677560165961728
727519870590541824
742706049673768960
2458450818
12237542
1426918177552928774
434236851
2522912966
428537274
2358614641
17760789
4835676056
16444716
733556187640172544
10433822
1067826351091142656
1112322252
16127005
3122236954
1088533295955095553
1188899290682400769
6299522
703361189762441217
3281319529
714022989411586050
35406205
1263818538411794433
1102305981021765632
360636509
21217463
2946446931
21473265
245786262
1075411501
2801981297
23150071
1053331583409606656
724878301534273536
2361888223
2845523856
21591805
19352771
905829145166266368
1197037934
16369805
2233993476
259256881
15779877
768464486
16569971
459647381
23762979
6615072
197759072
28232334
1567004053
1392487891222335493
277501842
371485193
19140187
17053603
883063064362397697
2599668324
75890868
50621285
138813955
157037473
43495839
87490350
1095531876461072386
1685495131
473025204
424389241
1009340351629234176
57362322
978975816775340033
1299074590073905152
1415378939053232131
783214
785199811083534337
3349589554
2776117148
12512292
18039279
1093285762316025857
4064678416
191594695
21697549
523509739
1332062298438045707
67978424
131009237
1171329719087665153
838303026
16463155
470383102
295506195
419544477
81925366
14388146
20937304
586969334
21115142
1068769698
4009559416
988753444264726528
486166293
19694637
257151174
1339671354
90080682
18273674
182384865
2876187537
1067712096140488704
15794097
1314636795145936896
914517340586483719
67624868
82628902
313396739
144832173
719126724
40146181
1417020956
27547277
24280596
27985317
23623046
15247633
17813624
1486701315359191046
414989105
964536294276849665
19095174
3239849307
2329745510
115688462
3398859082
3161275737
416618254
58510015
25046756
303891884
18028895
114646286
15818084
7132602
158910863
1106960818808283137
240202531
2414910768
192939414
1122876888
1350374664
1120750222865518594
17785741
2287420984
197497977
14884156
16753407
862227427
14341025
533368254
108592462
921411356015828992
95444965
1432716122579685376
152051625
676233
442057752
390533927
11017992
23216407
365489447
3091712693
15257533
2721001666
1117234123
977085307945304064
15243240
9711142
1193540630871511040
137629661
3543321082
24210690
25633
755587278290968576
53519308
3312919914
1212096699058937856
936831513097732096
778061293072764928
1324978839018237952
95146803
438408702
94578401
135544310
23921400
622373
38889733
15684633
407935578
458246125
110721961
2836106222
379209090
307580868
2192487883
165100301
233260895
555285443
1230498533469573120
17991744
156753388
1401270151836844034
2261099998
47559997
957336636
14360732
3267147756
3303150427
15951714
945493520143527937
428508038
15335778
383211346
2322293279
25140154
279100126
62926937
1510656406843793408
414989105
12659072
1165631
938371324535365632
43081575
861268488614289408
6689772
1190237552579686402
1898348226
104639387
17700609
850049513846964225
22191027
21106427
14803267
1383358298
6612402
1696679022
3001823205
52876112
48982851
15990207
17410400
1073536035529867264
1544770698224312320
1897955869
23240958
1497976872
4784279320
24060155
14265924
2784078363
1074853160
1068980577221656582
1245828097
3974978474
113108098
1256741
3832543876
112610515
816697861026947076
35270264
6798492
3243622192
12199652
1071226495
805527320320770048
548655452
2301521125
1173097396479438848
811257951658844160
905832340341092353
2420859505
15730402
1258284667
17691309
41078332
525177565
779958828368527360
1126796279865073664
61213297
1324616162496417792
375372489
1346209262167580674
245542424
2512960868
1227326334386540544
115084797
59358595
6170212
2279355278
828966018
17756464
1013328954214711296
24406735
4455481185
3241746469
735248163259453441
1021411232736268289
748498780148862976
1312265214918897664
403731393
273522626
602367288
11620892
18222094
953191105184649216
1496063980497944577
16533924
1438928406536675331
545249073
19057526
1561639845889511428
29539794
891717928156102658
333050777
27160098
61108844
853245618
589358780
109106485
465918486
3736067242
16663879
24694339
4072401
389029319
2873093596
517407457
1047138260592603136
1438928406536675331
15897424
219869571
6797952
552030890
1438622292351889410
3283779462
15489452
93554494
94418264
895642749692661761
83874770
24660180
369291793
712769108220063745
963928419741458432
1435855638
870637836856426496
1370387143
545972260
4175088724
2411261682
6237992
4175088724
43442024
1264660615
1106448400000667649
21626432
821754921892466694
135561675
942468811
388392482
189511066
185658399
1406097074
42373
16211710
46720785
793927204879089664
592956179
754485
1336552399
200640138
21802301
14206768
2797822183
143344335
83647633
1339671354
2991284967
1600897856
1306978778112024577
1074169336212779008
15842317
763774667127521280
2167351518
16474279
130699923
1245732993546805259
1053947948
51860033
320717995
36018848
550013369
826524457275584512
2385592748
1101297141576855555
14917056
20729576
110721961
1210359175
740540318437756928
2764961624
19057526
818830485593866240
245879943
28736594
1109812032080101376
14206645
130513726
2182923255
102716828
15689734
973573399917277184
3975033674
905498754240831488
19049884
461636991
2486168816
23962639
223904974
2928369931
902498275
111991273
17909901
373934774
90956656
304111734
68285607
21386144
195840785
7898482
309405055
316498287
261662866
53712520
1483150644886319120
236553205
17882010
15491488
4187679221
15996231
1372345866036641793
2869214788
1019231715158577152
11885742
75821593
1285830244885245953
1967682043
19736081
1336234687497338880
189905633
1125169832075206656
4004901
2192533106
1023271263626842112
3091167697
1233683861931995136
318614156
932958606806237185
6692902
3398434012
2418122101
14404572
1373172403
1037308328483979265
534875166
2588066029
1101542085642072064
1173296541722914823
75115036
1121330369163345920
20557363
222064690
3294280243
25593329
894323729207099392
2360247360
34231101
3308870317
14182224
840043015
863134613815926785
1626282156
1167722741665062912
18131339
326394512
1639019339746799616
825706737521016833
259903394
410011311
23244246
1497520735102947331
1504216777407950852
402625250
1280893719433089025
953652365059592193
48256043
19189173
1937000034
253265626
1222643832
920491754
16130553
36615746
1538855663060897794
3128927564
428980372
224719803
224719803
1115155805706256384
2600645750
23034673
23034673
35244427
35244427
19637272
1247838795250229248
1247838795250229248
222064690
281832082
621020755
621020755
2393140238
30146915
30146915
1075833179502714881
15908827
777067733531914240
777067733531914240
132486360
14342072
554597647
422155759
422155759
30503861
1415399521
1244061463
563382612
541174362
541174362
248111388
248111388
1043601091
1043601091
14286629
14286629
1345148437113704448
57925606
1197037934
952053854404792320
952053854404792320
3301220224
877964057944498176
197063287
197063287
235000111
181907107
43782040
261897898
1516237664
9225852
25864168
259301275
3119548972
3308688376
41181459
14210289
2180624725
204950995
16070299
3068764060
18911432
1934073350
1071116496988860416
17503117
15603101
843937418206035968
14065302
7088882
3368871503
847118650964369410
41570792
391531863
949660020
23785141
254491252
467337638
136757998
3060489838
9761292
78826790
1544770698224312320
769611811641491456
1591837129600008192
883297701525368832
4219403253
1081643178225221633
13598262
1232942350147735552
825684884643573761
369750002
2812652832
14466478
2160828625
1099063395603619840
5992502
71576852
381104554
87918200
1169026662815686658
6273062
784385535762632704
335060282
3131663476
30389295
1071212664729284609
288442518
5874452
3575683637
4779712410
105888088
2724697628
22893132
1104148537804288000
2822316734
2842676464
77622997
792038436
19063184
45189614
967999818
936961322
1115916506033008640
30323005
1604664577295548417
20757776
240482477
17919393
69112412
20692204
22381639
20913824
16539917
16227216
53739243
745762724785709056
1787311
709693809995726848
158952098
1022512486325661696
22589449
22589449
72203012
29097347
29097347
4233731116
2385638904
2385638904
5489672
5489672
1576160817938141184
946785926
946785926
2645648308
2211730470
27687745
737728455748395008
1768978142
1768978142
411077779
562532777
562532777
250558059
250558059
180108341
818991752
818991752
14596837
405728002
119724014
119724014
16016618
33216799
1342570920708165632
1342570920708165632
8075962
1454195447946436619
1417020956
21189065
416553670
416553670
3782332342
63273552
63273552
4819214487
731573
15675013
301083251
301083251
24585178
1045660800214597632
552216467
1275989323
2435509679
2435509679
773116609498116096
3345392303
898884200484532225
4882680010
1006524475138068480
2915849418
312590919
429911380
2835481498
95993228
1085737556916895746
140865416
27178198
1263255792
1021411232736268289
1293858517292646400
15290233
18226927
15013762
18025106
1283627456046350338
46047968
19196730
136314802
1290586959249842176
839579969252700163
54856170
3287143250
55754743
190008076
15995577
41375302
861430252140101632
861430252140101632
1525238718
44808326
1232942350147735552
1232942350147735552
14326143
1035992931486900225
1035992931486900225
197742721
244544757
1174876642386182144
778219513
79738756
79738756
28098788
17047153
17047153
45078698
4024818912
179051719
4908940533
405171835
405171835
1352196325287276545
253962552
3486999014
1851781562
19847813
2749539126
125015361
3610924401
541618360
15702853
15702853
2348906468
3817335323
3817335323
1437422943441653763
1437422943441653763
239761798
3228407530
2732647719
273308053
1225508007146070022
1225508007146070022
1568011460940267520
3001253601
705687017
21056721
1092743191852392448
3317048465
90351802
8309142
763108423135293440
890826954
22914309
357925862
263814128
891717928156102658
383764819
18037682
1078689935958396928
3855140355
71643224
3398859082
25883656
3362963973
36066658
76587909
383031509
1266770882
25360746
113217798
7486712
1101517133480103936
2382676952
200574212
1027912538376294402
741876197919985664
21081060
791925327245160449
895688531703513088
2934227960
2473160364
14506075
197811700
17719745
1112797790
951516384030109696
3398360807
544007758
15360257
43081640
1390355003404169216
2332943150
834148155138699266
2365591027
14338997
16172747
10465
6907252
14712058
2751964316
24028945
6261642
622372005
17207911
1549446018189623296
1570487281408004106
6763102
1441633279
1402778488533393412
538564745
282528560
1121078855287156737
590120366
21138089
3026617179
27985317
979904566010499072
1574363639850622977
1126904374805057537
1420836405018861573
104894644
15535306
742663751934062592
36229061
14743120
16223565
23599855
3530911
140781176
1467908138728710146
22870427
1141674806
1141674806
509554726
44333
171549095
10433822
889844943329603584
25596553
25596553
158417997
7742732
6431582
1418363580
1418363580
169306882
21792950
42965000
42965000
43392266
1450379154
1450379154
1016817947103227904
20269498
1165371915797745664
1165371915797745664
1543291
902011866091855873
1616229858295660546
3149277867
166267936
166267936
228132947
228132947
19240173
17622211
914791964867997697
955388077786222593
16373202
391984340
391984340
1195053469520015360
1478308570831671299
1478308570831671299
796296603963424768
2530688568
2906999297
369757985
15400294
14290690
51116628
185293144
29496624
130941020
17942443
1241591213578317825
3133048589
1001196523953229824
1098982893148430338
15020933
304837258
14600216
1273553677362618369
18550687
813158712
1127351648777588736
1085093252812943360
15728161
2370991351
17223707
27341443
775740202576781312
2505410096
834319078949019648
1526470022876393472
466630803
21656773
1496800400183341058
38585886
476027608
1297923804702871554
828160430
19258527
21897880
557567243
223421399
2231123100
1017063166784757761
1079136036570185728
1513277611941629956
182099018
2588532161
573583132
16505095
16505095
20263640
216786038
3010380868
19090352
1145763535546441728
1145763535546441728
61440994
67264107
67264107
77163793
77163793
171924191
286405749
286405749
92385770
728556880193159168
19109747
15731513
2600341795
2600341795
459769395
156705421
156705421
233218723
1279562435188277251
1279562435188277251
1664313516
24961156
24961156
16158117
21268897
441220374
716976451053084672
716976451053084672
1174739685610070022
1174739685610070022
2330987898
2576732834
2576732834
260148853
418863571
418863571
87419607
91421600
91421600
171709268
3736067242
6237992
37191429
23653823
631235994
1096025724
808186283734482944
481547953
128273662
1593830103569649669
1384960939267706883
18223590
15729030
1046399277881327616
521812772
1716711450
22889321
1533174013836533760
141861732
296875809
2431444507
193406448
97706891
755984013005729792
301273734
349095842
1338566388
428474980
3296578000
5065531
1376733303219363840
1076960280
15247633
1197037934
2472367988
907621430912847873
11435642
4021133122
172873047
197980717
166238982
1398034635062448132
2431958300
14791091
30232590
846014146491527170
425971895
1200184481992335360
850041655801647104
1110781803575549952
30232973
1320689063238770690
16598957
401152300
15664666
511817519
16185879
111023411
356283497
266329170
127616309
966939396
1276991727644168199
14579511
418423207
156455133
2151555397
35384223
34787179
710664862074929153
719967478663802880
7848802
3159906612
301909418
19065022
2315755628
1332002770082213888
182961620
2484738596
4235488402
28153124
1540418384
764150485330919424
738311719118852097
626524220
9270232
14188202
193761547
343931378
494370879
264046271
14673245
347532969
15762276
55861591
2652136800
138191411
14275715
789232424194572288
16840574
845261036
704449487519920129
14933101
15324903
1547828618583150593
16384688
17624543
457384105
102683096
3179656206
187256087
277641522
10365822
635712800
16317677
78088005
12776322
483107974
821125659602849792
36812840
22643508
1225704307
427203198
4864863821
758541530
931192518
365926149
264382869
1121504600
715964733606768642
193520929
46530078
1575618799
2329745510
18375883
38716025
229509740
698130389483831296
698130389483831296
1119367814652071937
886865008000421888
886865008000421888
2970005608
2970005608
1019847962413977601
1490623248
1490623248
1372345866036641793
1381540368
219052423
65121295
65121295
128009700
3131663476
3131663476
1139168652211740672
1139168652211740672
792646
809522707
809522707
3435820449
36397390
36397390
138061795
2753498991
1095439999754006529
794511932
794511932
17670813
56179493
56179493
633660360
877839168
711397922617892868
58449707
58449707
75661244
50450053
124920374
84662963
16290261
14071624
191964162
366121529
3192578017
1116186410
20645605
873242056998760448
2574448909
2574448909
1125146206882148352
1125146206882148352
1006194906
120424699
910623276778405888
804477396435009538
579694817
3044664786
3044664786
907553886797488133
907553886797488133
16314784
14881209
14881209
122451753
122451753
15287582
1259119726552375297
2301928861
2301928861
263201938
2178466909
1650265579
1067515471149314054
1067515471149314054
382806470
382806470
156217198
156611691
2579030258
244371522
290486935
290486935
742485750097182720
297100174
127727270
190972424
1121491277390815232
1482470317
19132700
898112605851615232
49870559
4890185962
3408064102
1580587452200271878
287146457
395674143
49599956
16404418
461636991
37951344
1299074590073905152
839130951745695744
235271729
951783145279541248
4400681
1284218045012025344
13344832
1337713771
2209861945
255559353
1088062991172550656
65233
20153420
365423406
234426323
1458672506
15981350
14054390
39547186
7615192
85789543
778061293072764928
8168502
30466622
971984954497294336
216945183
1227719860400140289
3310347548
2896087081
14536402
20309837
1076861056738361344
25734277
552979538
58190441
15105588
2827336513
3015995300
10139742
3439385025
3439385025
60506242
412672025
585506149
1573721639061262339
52772800
52772800
324599106
324599106
16752675
273541694
336936448
336936448
19086859
19086859
879444812579176448
879444812579176448
1328353590856069120
14298769
593728814
1209168683412516864
1209168683412516864
1057317494250078208
737252082
48932603
73311532
567389865
832760088813203456
1379802822451941377
1379802822451941377
917503866094149632
389047979
389047979
3091712693
919425938
1386492038
1386492038
509816122
834834271
834834271
6411962
715964733606768642
365070123
365070123
14085070
755781461735772165
1578010138925047812
1283223910826291200
498297160
9837262
1594523703609626625
24075855
1379802822451941377
18129652
400444238
1065181435844280320
2492242742
781121
881879083906289664
1068898603844939778
385039099
223425169
844334048
978670331476037632
14221013
2365004678
157037473
94600419
298306877
276508048
2732647719
24353846
1274463593136873473
878400991632257025
1363948968699432964
1450224631839805442
2450770663
1097727685202247680
2602023894
487951439
413292919
284511292
8075962
1629459631
59495548
1085093252812943360
16434234
23763687
251450658
2721305341
1125712809659117569
223421399
14360732
619524081
3426377079
913434342503960576
319811688
2806094398
80095753
1017193862736023552
1229364114
1167055574
3241218626
777784165437702144
896522551312039936
287450137
15340776
18580432
132587518
1444637977
276024235
771489602
9093882
1628036011270742023
21540556
15039219
2178222514
343765099
15197749
384514559
3901761975
2873093596
15022464
15940845
1486415368000352262
15829574
1345287291611316224
107729275
1148915521854824448
258415882
15762276
1387186073952874496
1387186073952874496
2469568179
3041131337
3041131337
309755530
260892963
260892963
4018565206
2151555397
1088062991172550656
269795652
132486360
2849102111
2329745510
2329745510
17842420
17842420
835187384199315456
67373886
2304100705
2304100705
1207652846
1585984609
1585984609
15838770
3137612587
833667597337964546
2828453508
2828453508
11670602
14708065
14708065
14668539
92381471
92381471
18345029
92043036
92043036
1961413669
350973218
350973218
440133327
2212979137
44579285
57122768
24728011
1383358298
891261679
2577041016
577971698
28049914
2980195271
16390220
50808504
606664385
388101217
1492995261026738177
845182004849082368
1370155754225868801
534729859
44366594
343931378
160402562
2828881765
1067734880107331584
52834015
190397862
963538359661416448
251400353
28049914
12837962
19934165
3010836569
2647227626
3619186222
183256417
3049925037
494455237
508013169
22536072
428508038
989236291874193410
53457513
7494482
20751592
2189533117
447019817
260202838
95538521
7661122
17452136
2814120921
170253001
18920826
3010656380
172058830
17719745
3370898812
122194011
779672606278647808
758383008
44371551
15452689
1250861052
2438727205
984134384499359744
875696059
118776845
133297235
215007027
591907460
233922416
14389093
891717928156102658
18045142
1317793943782887424
1304099695
94741751
94741751
631356256
156347269
6093152
6093152
1521881033670594561
168827549
3157736703
68771565
136309941
1116076572321177600
1116076572321177600
43993872
15237247
885901033
14088487
14088487
184563620
48550676
360965292
30564826
6612402
20315478
38287789
38287789
15471549
44930873
44930873
847054021139582977
847054021139582977
39176606
3146102364
1495448114676834308
1542857722739187712
2712589660
523509739
523509739
65746809
777953759422980096
927175202999537671
2614425774
13133512
13133512
1082266983540932609
23714212
23714212
285537858
23556252
19760322
352220004
352220004
88976131
149152658
149152658
65930193
22910924
22910924
4157611
3342074453
9516022
36995233
16892445
321563970
321563970
24929044
873140328005500929
137474162
886865008000421888
886865008000421888
1083787676896161797
1370563514864140294
1128720706278252544
175045647
914911420910899200
52392486
25883656
2370991351
877236542317527040
147910543
1030284228649525248
871766546
122120526
537240838
828294979940413440
216557553
1441105485675913223
2997524641
19288444
3972745034
18840445
1541813730
90624338
948243710
15854730
798541154
2459340186
231328483
249093421
33154524
48256043
714417913
265078298
852711369208193024
1097836528779345921
222618390
812881550501179393
1311215854806118400
1311215854806118400
1285001412
1179217813300375552
1179217813300375552
1174772303382634496
486864604
20853929
3002821677
214647318
214647318
2832174766
864114910917259265
919629710321168384
1084540749549629440
950398340
2875058885
2875058885
18955413
69207199
1048519082
902884669
115219217
115219217
2559617598
1058774359656009733
2645648308
155671915
25399463
2550736291
2785422724
3000299467
3000299467
1105528326532354048
144933743
1268867855803658243
1185648893020770304
281028937
937926012578549760
121525054
14729302
14729302
1041202989132787713
1041202989132787713
719254022507642882
719254022507642882
14552083
1382140910
188783061
188783061
646663
20431901
889490683
914058918225203200
927220639827660800
269055825
34378186
1145684720816218113
1081576516092342273
1295890165391474689
178742731
87787822
1026470367924314112
15684633
16207616
4034502034
3163799546
2815276806
22150874
15533724
4074611656
11685812
9228612
57925606
1492995261026738177
2811452385
890690940288909312
9403532
39423475
3425733261
2294964446
13364
25180060
50369941
16974200
17808045
14316789
19706861
61875868
48647966
41874261
14228991
709280415346003968
2206422042
184634109
249051050
68212401
737677514915614720
2280705680
28424167
16074111
38364398
1327825100687564801
929826847
4126585671
47209482
49802353
6390182
14600116
3098900519
3090554596
165604361
336219347
1853018652
323952345
1381863452
2336669878
2993930001
289820167
1382791
1033087275742187521
3131111147
778938447822254080
1231267817619689472
26379209
56812711
775571700700225536
1138761463265472514
30185268
845621479
1216478158003802112
2239099921
7030722
756359
2232171540
136128739
844640834574303236
247464307
780227900431736832
3469041
19902936
143381452
1594500362353840128
14788073
4864863821
453089629
1171109054
67917521
19847813
952972462953771010
1181182901339054083
120167442
2361372560
14957890
208778238
2450651006
21815583
806692533568999424
2544134976
4886591
1608827653
179283600
941224536523051008
2841953907
1177492342871216128
1676421
1676421
4200844445
950784467324436485
5627542
5627542
622316398
622316398
41196570
1139225801424089088
934151624242683904
934151624242683904
25950012
260218226
270911629
422366976
513305281
464053940
75661244
18955455
851760508537581568
2263575171
32696291
16881678
2919025549
773397716718252033
15720237
922996540561592321
156611691
1174773239182241793
1174773239182241793
1091483753153814528
851760508537581568
331228486
726058218
726058218
1110248337184190464
1141134695574491136
1180850060961169414
379298305
379298305
10656282
6267962
6267962
3001562553
3001562553
4890185962
551765115
298762125
298762125
234515452
89544203
89544203
1114454593
1142464335924596737
2882501298
14403380
39864099
39864099
1210747270624399360
1210747270624399360
161522010
161522010
1450536217322401795
1245601663408148482
1186632405668499457
17672825
1297632166373974017
253097785
14169190
14169190
253197609
601219999
601219999
262329406
1311095400808484864
1186713193357479938
1186713193357479938
4908940533
15858043
1366332323931828225
32186559
806847310307229696
612240546
351638831
121929559
4897818112
34020042
31685427
2380983978
385599330
3595827013
1069999251315482624
16450594
13464452
934606560097161216
932958606806237185
18172100
709280415346003968
1483968549374906369
6093152
568373057
4909361
90899190
5812292
1435572511
1382140910
14596096
35225755
7590692
40086064
14157888
14089370
30790760
17110897
1580965252711292930
3246003321
306969311
198627528
19788990
52772800
428411826
27804725
7745472
14296591
329128137
931960584
16926900
524373841
52190189
274800718
529778146
1098770059315548161
142983641
356868680
546756864
14606079
304680521
1356319433610850305
2931803254
211619467
1134809733054029824
3081318022
147619269
1497517642869088256
817111325641949184
930227405997801472
632879802
2314253130
1162126806696284165
841752626735775744
75679982
730029953593528320
7465672
2967626926
1995451
1016181145
282494045
414989105
737252082
73363692
50122046
14123181
14123181
16996407
97917135
1670778812
1670778812
17451231
428137963
1489714126507188229
47529478
47529478
18895750
1019397226961960960
15112313
291707020
2862673066
2862673066
396085812
97316192
159117589
159117589
734510744386064385
3023075217
3023075217
422155759
16285291
16285291
3811169537
17721461
17721461
16576277
16289499
16289499
25458792
5433472
5433472
14705966
14098166
14098166
319275891
319275891
1202582168402350080
197528521
45586617
1363615266
1183395204419731458
739496615753469953
2791701402
62479501
183980665
1368195958627065864
2228655612
1504520009627877383
17043494
1344754982
38472915
4162410142
4902310162
21386144
873140328005500929
1239644065160986636
4020456561
15897424
1583660414
915117859
13464452
1353281612
248310966
721143631747420160
29400464
2337286506
38695489
2901540999
1127282889685635072
2302154491
20757776
1258140084336984067
30071952
1337636755
24494426
20096224
1443722178256678913
29115726
386814685
61762488
374662988
80203745
1893549325
223421399
921269468
16077486
14342741
18027959
1268291845030895616
1043924154737725440
3418224012
2757850927
2295331366
16735715
798515073257979904
124064638
2599485067
90035806
37714120
37714120